SCD 1                   
1 22490U 93009B   17057.92796336  .00000264  00000-0  22487-4 0  9992
2 22490  24.9696 262.8100 0042878 250.9386 245.9140 14.44475762269642
TECHSAT 1B (GO-32)      
1 25397U 98043D   17057.49863762 -.00000010  00000-0  14688-4 0  9998
2 25397  98.5991   2.2352 0001135  18.7994 341.3227 14.23615644968046
SCD 2                   
1 25504U 98060A   17057.56667137  .00000250  00000-0  19686-4 0  9991
2 25504  24.9956 107.4832 0016962 283.4245 208.4089 14.43997276968938
LANDSAT 7               
1 25682U 99020A   17058.11685519  .00000093  00000-0  30798-4 0  9993
2 25682  98.2232 130.7497 0001024  73.5793 286.5535 14.57103043950560
DLR-TUBSAT              
1 25757U 99029B   17057.91855670  .00000013  00000-0  14734-4 0  9993
2 25757  98.4188 329.7402 0013000 278.6657  81.3064 14.51352378940473
QUIKSCAT                
1 25789U 99034A   17057.20968420 -.00000005  00000-0  15783-4 0  9991
2 25789  98.6056 247.5696 0001361  51.5006 308.6297 14.27270156921365
TERRA                   
1 25994U 99068A   17058.19619015 -.00000815  00000-0 -17091-3 0  9991
2 25994  98.2174 134.7615 0001375  84.9476 275.1926 14.57102649914659
EO-1                    
1 26619U 00075A   17058.17725282  .00001216  00000-0  23847-3 0  9998
2 26619  97.8490  92.5305 0011119  95.1142 265.1326 14.64368686867437
MAROC-TUBSAT            
1 27004U 01056D   17057.88741865 -.00000042  00000-0  15554-5 0  9994
2 27004  99.3362 200.8937 0018973 262.8278 211.7125 13.70120754760944
AQUA                    
1 27424U 02022A   17058.24244383  .00000134  00000-0  39931-4 0  9993
2 27424  98.2276   1.1736 0002069  88.7763  51.4384 14.57104826788263
TANSUO 1 (TS 1)         
1 28220U 04012A   17057.83939271  .00000870  00000-0  76441-4 0  9994
2 28220  97.6860  15.3548 0010728 142.5189 217.6784 14.99072639699892
FORMOSAT-2 (ROCSAT 2)   
1 28254U 04018A   17058.09525851  .00000106  00000-0  10000-3 0  9991
2 28254  98.8764 120.9884 0002662  67.3958  41.6986 14.00620711653180
AURA                    
1 28376U 04026A   17057.19128331  .00000150  00000-0  43338-4 0  9997
2 28376  98.2286   2.3087 0001512  76.6918 283.4449 14.57108138671162
IRS-P5 (CARTOSAT-1)     
1 28649U 05017A   17058.20955940  .00000199  00000-0  30672-4 0  9998
2 28649  97.8713 134.2878 0003390  58.2787 301.8767 14.83452722639672
SINAH 1                 
1 28893U 05043D   17057.51226024  .00000024  00000-0  13822-4 0  9990
2 28893  97.8592 221.0090 0016217 138.5746 221.6689 14.61420125604287
EROS-B                  
1 29079U 06014A   17129.60728304 +.00002606 +00000-0 +89741-4 0  9995
2 29079 097.3469 250.4134 0003793 191.2455 225.9612 15.30928585612445
RESURS-DK1             
1 29228U 06021A   17058.16622936  .00000206  00000-0  23047-4 0  9996
2 29228  69.9365  17.9813 0004229 192.2421 167.8638 15.02097695591581
KOMPSAT-2   
1 29268U 06031A   17058.21561353  .00000112  00000-0  31584-4 0  9993
2 29268  98.1127 319.4779 0018233 355.0670   5.0358 14.62248633564926
LAPAN-TUBSAT            
1 29709U 07001A   17058.21074587  .00000090  00000-0  17614-4 0  9992
2 29709  97.6901  37.1908 0014456  91.2755 269.0113 14.82033800547690
CARTOSAT-2 (IRS-P7)     
1 29710U 07001B   17058.09016534  .00000325  00000-0  51353-4 0  9997
2 29710  97.9401 120.7046 0002344 114.0426 246.1034 14.78658760546920
HAIYANG-1B              
1 31113U 07010A   17058.23078553 -.00000012  00000-0  12281-4 0  9993
2 31113  98.5741 115.0110 0014090 163.5360 196.6293 14.30162244515758
COSMO-SKYMED 1          
1 31598U 07023A   17058.19910850  .00000525  00000-0  72449-4 0  9994
2 31598  97.8768 243.5796 0001415  82.2681 277.8763 14.82151422526156
TERRASAR-X              
1 31698U 07026A   17129.56833122 +.00000419 +00000-0 +23159-4 0  9990
2 31698 097.4459 137.7769 0001771 093.0761 267.0676 15.19149523193882
Worldview-1     
1 32060U 07041A   17057.94284382  .00001690  00000-0  71690-4 0  9996
2 32060  97.3852 179.5091 0001301  89.8231  49.4838 15.24466336525452
YAOGAN 3                
1 32289U 07055A   17058.23371826  .00000235  00000-0  37411-4 0  9994
2 32289  97.9963  60.4612 0001198  62.7036 297.4304 14.80787685502461
COSMO-SKYMED 2          
1 32376U 07059A   17058.23285595  .00000222  00000-0  34484-4 0  9995
2 32376  97.8766 243.6137 0001402  86.3453 273.7905 14.82160185498907
CARTOSAT-2A             
1 32783U 08021A   17058.20293793  .00000245  00000-0  40543-4 0  9991
2 32783  97.9416 120.8760 0011943 317.9977  42.0358 14.78683622476888
JASON 2 (OSTM)          
1 33105U 08032A   17057.89989872 -.00000065  00000-0 -15953-4 0  9995
2 33105  66.0441 350.6999 0007888 274.8242 145.5943 12.80930905406475
RAPIDEYE 2              
1 33312U 08040A   17058.19962350  .00000081  00000-0  17486-4 0  9999
2 33312  97.8252 142.0369 0012977 356.5358   3.5777 14.79894275459107
RAPIDEYE 5              
1 33313U 08040B   17058.08711442  .00000063  00000-0  15189-4 0  9990
2 33313  97.8383 139.7270 0015177 221.0691 138.9379 14.79888905459034
RAPIDEYE-1              
1 33314U 08040C   17058.21100689  .00000087  00000-0  18415-4 0  9992
2 33314  97.8275 141.6413 0024786   5.9094 354.2414 14.79894871459096
RAPIDEYE 3              
1 33315U 08040D   17058.17994140  .00000049  00000-0  13336-4 0  9996
2 33315  97.8413 139.4474 0010919 306.8293  53.1936 14.79896685459055
RAPIDEYE 4              
1 33316U 08040E   17058.09875565  .00000034  00000-0  11263-4 0  9998
2 33316  97.8453 138.8886 0009582 244.4076 115.6143 14.79891321459034
HUANJING 1A (HJ-1A)     
1 33320U 08041A   17058.21035243  .00000158  00000-0  29782-4 0  9991
2 33320  97.9499 124.7248 0026948  23.1336 337.1098 14.76739933456553
HUANJING 1B (HJ-1B)     
1 33321U 08041B   17058.22206009  .00000199  00000-0  35482-4 0  9992
2 33321  97.9542 125.8640 0035844  38.1135 322.2615 14.76812842456549
GeoEye-1                
1 33331U 08042A   17058.16415358  .00000044  00000-0  17403-4 0  9998
2 33331  98.1210 134.9565 0008674 249.7700 110.2610 14.64128340453009
THEOS                   
1 33396U 08049A   17058.17526519  .00000131  00000-0  82114-4 0  9997
2 33396  98.6908 127.4230 0001396  94.1606 350.5604 14.20048825435863
COSMO-SKYMED 3          
1 33412U 08054A   17058.15267769  .00000376  00000-0  53827-4 0  9999
2 33412  97.8766 243.5346 0001571  83.8410 276.2960 14.82160253451355
YAOGAN 4                
1 33446U 08061A   17058.19928401  .00000120  00000-0  23917-4 0  9999
2 33446  97.5913  61.7384 0014633 302.9280  57.0523 14.76598865443794
GOSAT (IBUKI)           
1 33492U 09002A   17058.25142101 -.00000159  00000-0 -19584-4 0  9997
2 33492  98.1111 170.8775 0001206  91.1751 268.9597 14.67524434433705
YAOGAN 6                
1 34839U 09021A   17058.20419207  .00000844  00000-0  35745-4 0  9999
2 34839  97.1602 113.5910 0028751 354.7584   5.3349 15.25449086435823
DEIMOS-1                
1 35681U 09041A   17129.51458457 -.00000041 +00000-0 +11517-5 0  9992
2 35681 097.9580 022.6714 0002981 087.6862 272.4680 14.71655110417453
DUBAISAT-1              
1 35682U 09041B   17058.18447769  .00000130  00000-0  30265-4 0  9999
2 35682  97.8135 283.6959 0012364 138.7796 221.4334 14.68550214406069
OCEANSAT 2              
1 35931U 09051A   17058.23510942  .00000121  00000-0  41926-4 0  9993
2 35931  98.3084 154.2008 0003069 144.8303 215.3095 14.50846286393516
Worldview-2     
1 35946U 09055A   17058.12607407 -.00000127  00000-0 -27688-4 0  9991
2 35946  98.5142 135.4924 0001349  52.5430 307.5971 14.37755149387693
SMOS                    
1 36036U 09059A   17057.58732155  .00000057  00000-0  32206-4 0  9996
2 36036  98.4440 246.8547 0001044  99.1689 260.9617 14.39755267384696
YAOGAN 7                
1 36110U 09069A   17058.23512663 -.00000825  00000-0 -11371-3 0  9997
2 36110  98.1961 215.5381 0025718 104.0165 256.3893 14.75144456388671
TANDEM-X                
1 36605U 10030A   17057.66450672 -.00002772  00000-0 -12886-3 0  9998
2 36605  97.4462  66.8920 0002855  28.6340 104.5726 15.19142942370832
CARTOSAT 2B             
1 36795U 10035A   17058.03724385  .00000079  00000-0  17799-4 0  9995
2 36795  97.9395 120.5917 0015309  32.1248 328.0888 14.78683628357901
YAOGAN 10               
1 36834U 10038A   17058.05456241  .00000103  00000-0  20123-4 0  9990
2 36834  97.9272  55.6952 0001194  61.6427 298.4908 14.80797721354182
COSMO-SKYMED 4          
1 37216U 10060A   17058.24974417  .00000067  00000-0  14906-4 0  9992
2 37216  97.8771 243.6295 0001432  74.8667 285.2685 14.82160467341451
HAIYANG 2A              
1 37781U 11043A   17058.06471034  .00000550  00000-0  58449-3 0  9994
2 37781  99.3338  70.9315 0000411  62.0543 298.0667 13.78716668278800
RASAT                   
1 37791U 11044D   17058.20504989  .00000030  00000-0  14699-4 0  9991
2 37791  98.1362 151.3714 0023317 106.1701 254.2092 14.64585296295675
MEGHA-TROPIQUES         
1 37838U 11058A   17057.48017503  .00000309  00000-0  25651-4 0  9997
2 37838  19.9778  94.4589 0009419 288.6114  71.3267 14.09699378277462
SRMSAT                  
1 37841U 11058D   17057.36735378  .00000299  00000-0  18963-4 0  9991
2 37841  19.9723  81.8253 0011647 304.4873 172.4232 14.10565500277612
YAOGAN 13               
1 37941U 11072A   17058.18960074  .00001666  00000-0  85242-4 0  9995
2 37941  97.4819 347.3444 0001356  40.9655  95.0719 15.18022734290978
PLEIADES-1             
1 38012U 11076F   17129.58322591 +.00000002 +00000-0 +10370-4 0  9991
2 38012 098.1997 205.2696 0001554 076.8197 283.3179 14.58553651287230
ZIYUAN 1-02C (ZY 1-02C) 
1 38038U 11079A   17058.20901093  .00000049  00000-0  31896-4 0  9999
2 38038  98.3569 125.6660 0001754  89.1237 271.0161 14.35445443271721
ZIYUAN 3 (ZY 3)         
1 38046U 12001A   17058.21214377  .00000999  00000-0  47480-4 0  9997
2 38046  97.2982 127.9559 0002240  47.4954  37.3811 15.21410588285237
RISAT-1                 
1 38248U 12017A   17129.57918737 +.00000896 +00000-0 +60580-4 0  9999
2 38248 097.5741 137.7389 0004614 153.9973 358.7207 15.09054567277415
ARIRANG-3 (KOMPSAT-3)   
1 38338U 12025B   17058.05067372  .00000087  00000-0  26939-4 0  9994
2 38338  98.1293 357.9889 0009528 323.2963  36.7587 14.61545237255095
KANOPUS-V1             
1 38707U 12039A   17058.23911588  .00000739  00000-0  37390-4 0  9993
2 38707  97.4537 337.5795 0001897  77.4141  75.3523 15.20093954255353
EXACTVIEW-1 (ADS-1B)    
1 38709U 12039C   17058.08929799  .00000014  00000-0  26933-4 0  9998
2 38709  99.0845  30.8402 0010190 203.8360 156.2347 14.23922717239161
PLEIADES 1B             
1 39019U 12068A   17058.20328374  .00000004  00000-0  10558-4 0  9996
2 39019  98.1751 134.9161 0001280  77.9271 282.2083 14.58558833225682
NigeriaSat-2
1 37789U 11044B   17129.54958539 -.00000013 +00000-0 +64673-5 0  9998
2 37789 098.0446 201.8624 0011502 149.2418 210.9460 14.62026728305376
LANDSAT 8               
1 39084U 13008A   17057.80631853  .00000094  00000-0  30970-4 0  9996
2 39084  98.1935 129.8896 0001273  98.5739 261.5604 14.57119484214980
SARAL                   
1 39086U 13009A   17057.49425069  .00000001  00000-0  16723-4 0  9992
2 39086  98.5394 246.8231 0001049 150.3611 209.7633 14.31994580209266
GAOFEN-1                
1 39150U 13018A   17058.19444412  .00000061  00000-0  16169-4 0  9995
2 39150  97.9577 143.5608 0020126  52.8374 307.4681 14.76498267207014
VNREDSAT-1              
1 39160U 13021B   17129.47954785 +.00000342 +00000-0 +75738-4 0  9998
2 39160 098.0827 206.0486 0001396 074.1743 285.9620 14.62959201213946
KOMPSAT-5
1 39227U 13042A   17129.49474060 -.00000531 +00000-0 -33632-4 0  9999
2 39227 097.6071 315.0797 0001322 083.5365 000.5487 15.04514304203876
YAOGAN 18               
1 39363U 13059A   17058.12478618  .00001321  00000-0  68390-4 0  9997
2 39363  97.4044 129.0738 0001066 101.6570 345.7038 15.17925576184626
SkySat-1                
1 39418U 13066C   17058.16267783  .00000265  00000-0  27147-4 0  9990
2 39418  97.7058 142.6719 0020984 293.8233  66.0820 14.98386415178609
DUBAISAT-2              
1 39419U 13066D   17058.18842797  .00000323  00000-0  35961-4 0  9995
2 39419  97.6895 133.3837 0012318 277.5254  82.4528 14.93555805178085
GPM-CORE                
1 39574U 14009C   17057.16292519  .00007096  00000-0  10640-3 0  9993
2 39574  65.0099 297.3743 0010884 284.5431  75.4508 15.55706026170253
SENTINEL-1A             
1 39634U 14016A   17129.58441475 +.00000031 +00000-0 +16369-4 0  9998
2 39634 098.1821 137.7669 0001389 077.9241 282.2115 14.59198216165061
KAZEOSAT 1              
1 39731U 14024A   17058.23115877 -.00000011  00000-0  10038-4 0  9998
2 39731  98.4270 138.7876 0001200  72.4252 287.7080 14.41997718149041
ALOS               
1 28931U 06002A   17129.61545541 +.00000212 +00000-0 +50616-4 0  9999
2 28931 097.8464 158.8956 0002640 083.7960 276.3542 14.62347448601829
KAZEOSAT 2              
1 40010U 14033A   17058.21471271  .00000095  00000-0  18669-4 0  9990
2 40010  97.9052 321.3414 0015550 277.0107  82.9350 14.82076838145652
HODOYOSHI-4             
1 40011U 14033B   17129.50580432 +.00000098 +00000-0 +19522-4 0  9994
2 40011 097.8905 028.3803 0028238 038.6560 321.6662 14.80860801156038
DEIMOS-2                
1 40013U 14033D   17129.56388905 -.00000332 +00000-0 -32801-4 0  9991
2 40013 097.8880 034.0121 0002647 078.8675 281.2848 14.84852781156475
HODOYOSHI-3             
1 40015U 14033F   17129.59566644 +.00000208 +00000-0 +35513-4 0  9997
2 40015 097.8796 023.6211 0038231 043.2252 317.1948 14.78233343155752
SPOT 7                  
1 40053U 14034A   17058.15036671 -.00000045  00000-0  00000+0 0  9993
2 40053  98.1673 127.2271 0001213  77.8145 282.3191 14.58558958141830
SkySat-2                
1 40072U 14037D   17057.93478201  .00000124  00000-0  23417-4 0  9990
2 40072  98.3272 164.7597 0007492  48.3069 311.8785 14.80950311142661
Worldview-3
1 40115U 14048A   17058.14210319  .00000157  00000-0  24833-4 0  9997
2 40115  97.8778 139.6690 0000871  61.6086 298.5227 14.84780135137777
YAOGAN 21               
1 40143U 14053A   17058.20411522  .00001840  00000-0  77109-4 0  9994
2 40143  97.3225 133.7984 0010091 210.3355 234.5535 15.24729688137647
YAOGAN 22               
1 40275U 14063A   17058.14802328 -.00000044  00000-0  00000+0 0  9999
2 40275 100.3978 173.4218 0005564 326.7171  33.3583 13.15316893113179
ASNARO-1                  
1 40298U 14070A   17129.56354563 +.00001070 +00000-0 +53373-4 0  9995
2 40298 097.4085 212.2506 0001447 079.2998 033.4413 15.19644409138997
HODOYOSHI-1             
1 40299U 14070B   17129.46620461 +.00000695 +00000-0 +33281-4 0  9996
2 40299 097.4035 212.7937 0011918 223.5141 192.3053 15.22184515139058
CHUBUSAT-1              
1 40300U 14070C   17058.20291785  .00001632  00000-0  77194-4 0  9998
2 40300  97.4032 140.0933 0022347 123.9498 320.3664 15.20590680128076
QSAT-EOS                
1 40301U 14070D   17058.20644828  .00003420  00000-0  14834-3 0  9997
2 40301  97.3973 139.8738 0029666 121.9770 322.4931 15.22632469128097
TSUBAME                 
1 40302U 14070E   17058.19807317  .00001911  00000-0  10065-3 0  9995
2 40302  97.3883 133.2531 0041041 142.8527 302.0620 15.16084512127686
YAOGAN 23               
1 40305U 14071A   17058.21776135  .00001612  00000-0  82710-4 0  9990
2 40305  97.4176 358.2836 0001161  66.6986  63.2042 15.17929609126749
YAOGAN 24               
1 40310U 14072A   17058.06750513  .00000146  00000-0  27969-4 0  9998
2 40310  97.9874 179.2892 0018545  66.2715 294.0432 14.77083182122462
CBERS-4                 
1 40336U 14079A   17058.21644912 -.00000001  00000-0  14601-4 0  9995
2 40336  98.4636 135.0525 0001595  74.1431 285.9941 14.35457695116639
RESURS P2               
1 40360U 14087A   17058.06102116  .00001857  00000-0  62109-4 0  9994
2 40360  97.2775 153.6794 0010488 155.3482 328.0001 15.32193178121521
YAOGAN 26               
1 40362U 14088A   17058.23457319  .00002298  00000-0  90962-4 0  9992
2 40362  97.3634 138.7614 0005900 309.7714 121.6300 15.26444975120984
SMAP                    
1 40376U 15003A   17058.09866364  .00000098  00000-0  27935-4 0  9999
2 40376  98.1227  67.4138 0001322 107.1240 253.0104 14.63375582110790
KOMPSAT-3A              
1 40536U 15014A   17058.10381053  .00001186  00000-0  72655-4 0  9996
2 40536  97.4710   0.1485 0011293   6.6299  49.0713 15.12032436106417
SENTINEL-2A             
1 40697U 15028A   17058.03960545 -.00000002  00000-0  15905-4 0  9992
2 40697  98.5641 134.5628 0001249  82.6417 277.4914 14.30818862 87947
CARBONITE 1 (CBNT-1)    
1 40718U 15032D   17058.01322131  .00000074  00000-0  18765-4 0  9997
2 40718  97.9838 311.7465 0017703 128.2769 232.0037 14.74499805 88011
YAOGAN 27               
1 40878U 15040A   17058.13888912 -.00000044  00000-0  00000+0 0  9996
2 40878 100.4116 120.7472 0009131 103.3273 256.8869 13.15952590 72348
LAPAN-A2                
1 40931U 15052B   17058.14274015  .00000769  00000-0  18177-4 0  9995
2 40931   5.9997 297.3459 0012510 127.1944 232.9338 14.76513313 76674
YAOGAN 28               
1 41026U 15064A   17058.19928392  .00002438  00000-0  85876-4 0  9998
2 41026  97.2985 187.8124 0010460   3.6909 117.4689 15.30206316 72938
YAOGAN 29               
1 41038U 15069A   17058.22356165  .00000043  00000-0  12415-4 0  9992
2 41038  97.8872  42.2435 0001040  88.6130 271.5199 14.80371331 67817
KENT RIDGE 1            
1 41167U 15077B   17058.10437500  .00001185  00000-0  32903-4 0  9996
2 41167  14.9782 261.3649 0011514 274.1489   7.7442 15.08624080 66280
TELEOS 1                
1 41169U 15077D   17058.23880787  .00001775  00000-0  68255-4 0  9995
2 41169  14.9794 259.1008 0010653 273.9167  70.6791 15.09184314 66314
JASON-3                 
1 41240U 16002A   17057.53297543 -.00000053  00000-0  36179-4 0  9997
2 41240  66.0442 351.9768 0007806 275.5843  84.4282 12.80929819 51978
SENTINEL-3A             
1 41335U 16011A   17058.19538396  .00000003  00000-0  19217-4 0  9997
2 41335  98.6218 127.1968 0001281  96.4525 263.6801 14.26737036 53675
ZIYUAN 3-2              
1 41556U 16033A   17058.20097921  .00001447  00000-0  67802-4 0  9998
2 41556  97.4728 135.8955 0001159  92.3663 352.0779 15.21303515 41522
NUSAT 1 (FRESCO)        
1 41557U 16033B   17058.17314023  .00001924  00000-0  76189-4 0  9998
2 41557  97.4716 137.6843 0015425  41.0319 319.2077 15.26582780 41643
NUSAT 2 (BATATA)        
1 41558U 16033C   17058.19722030  .00001982  00000-0  78677-4 0  9990
2 41558  97.4742 137.7434 0014853  39.8446 320.3880 15.26459106 41640
TES
1 26957U 01049A   17129.56412131 +.00000290 +00000-0 +21491-4 0  9998
2 26957 097.6657 229.2697 0039815 153.7032 263.0240 15.10247565852586
Cartosat-2C             
1 41599U 16040A   17058.07846885  .00000962  00000-0  48775-4 0  9998
2 41599  97.4734 121.1231 0016660  96.6474 352.0759 15.19230835 37930
SKYSAT-C1               
1 41601U 16040C   17057.54987871  .00001064  00000-0  49710-4 0  9998
2 41601  97.5365 122.3525 0002455  51.6025 308.5432 15.22013095 37917
LAPAN-A3                
1 41603U 16040E   17058.18630126  .00000264  00000-0  15735-4 0  9990
2 41603  97.4768 121.4010 0015223  96.4622 348.0639 15.19269341 37956
BIROS                   
1 41604U 16040F   17057.76376328  .00000942  00000-0  46496-4 0  9996
2 41604  97.4765 121.1679 0014167  92.7327 267.5530 15.20268953 37909
3CAT-2                  
1 41732U 16051B   17058.19900691  .00002403  00000-0  10059-3 0  9993
2 41732  97.3783 336.8409 0012913 307.1153 189.6154 15.24466116 29770
SKYSAT-C4               
1 41771U 16058B   17057.81326134  .00001043  00000-0  48541-4 0  9992
2 41771  97.4011 132.5074 0001751 139.3730 220.7636 15.22109458 24892
SKYSAT-C5               
1 41772U 16058C   17057.34614493  .00001153  00000-0  54772-4 0  9994
2 41772  97.4001 131.9131 0001317   4.6409 355.4580 15.21185469 24815
SKYSAT-C2               
1 41773U 16058D   17057.85408554  .00001089  00000-0  50598-4 0  9990
2 41773  97.4017 132.6076 0001511  64.7125 295.4266 15.22086108 24890
SKYSAT-C3               
1 41774U 16058E   17057.86659565  .00001036  00000-0  48272-4 0  9990
2 41774  97.4015 132.5916 0002240  85.7524 274.3949 15.22096968 24896
PATHFINDER 1            
1 41787U 16059E   17058.16788709  .00000076  00000-0  23926-4 0  9994
2 41787  98.1803 120.7634 0030863 143.0751 217.2609 14.63488140 22495
Worldview-4             
1 41848U 16067A   17058.21664027  .00000109  00000-0  19306-4 0  9997
2 41848  97.9576 132.4984 0002806  72.5172 287.6349 14.84703966 15947
GOKTURK 1A              
1 41875U 16073A   17058.23654351 -.00000046  00000-0  00000+0 0  9992
2 41875  98.1168 314.6003 0001436  50.6034 309.5302 14.62631001 12222
RESOURCESAT-2          
1 41877U 16074A   17058.12245153 -.00000034  00000-0  43242-5 0  9997
2 41877  98.7174 135.0857 0000883 104.4990 255.6301 14.21619974 11648
CARTOSAT-2D             
1 41948U 17008A   17057.54304351  .00001022  00000-0  54233-4 0  9993
2 41948  97.5091 119.0847 0011228 211.0258 149.0371 15.17579742  1725
INS-1A                  
1 41949U 17008B   17057.78258476  .00002507  00000-0  11574-3 0  9995
2 41949  97.5084 119.3783 0009028 208.9602 151.1106 15.21132536  1735
INS-1B                  
1 41950U 17008C   17057.51846025  .00005574  00000-0  25212-3 0  9992
2 41950  97.5094 119.1220 0009005 210.6710 149.4057 15.21296797  1709
Egyptsat-1
1 31117U 07012A   12342.10485937  .00000365  00000-0  67461-4 0  2818
2 31117 097.8725 041.1943 0006362 151.7226 208.4331 14.70826233302772
RazakSat
1 35578U 09037A   17129.19451792 +.00000647 +00000-0 +16002-4 0  9995
2 35578 008.9858 350.5478 0016257 214.1059 145.7979 14.66796547419712
IKONOS-2
1 25919U 99051A   17129.56116570 +.00000208 +00000-0 +29538-4 0  9992
2 25919 098.0429 227.2735 0006631 288.1335 071.9275 14.87059780943808
SKYSAT-1
1 39418U 13066C   17129.41529640 -.00000613 +00000-0 -46069-4 0  9993
2 39418 097.7012 213.0511 0022745 054.3631 305.9707 14.98444002189272
SSOT
1 38011U 11076E   17129.46209350 +.00000128 +00000-0 +22876-4 0  9997
2 38011 097.9665 204.1789 0001363 080.2065 279.9307 14.81941682291814
wei6
1 70038U 17999A   17182.62083333 0.00000000  00000-0 505570-4 0    10
2 70038  96.7230 270.0000 0013130  90.0000   0.0000 15.87973084    16
TecSAR
1 32476U 08002A   16124.06933819 0.00000000  00000-0  00000-0 0    08
2 32476  41.0206  15.7936 0004999 315.1782  44.8212 15.15829250    05


